condition,gap_checkpoint,boundary_offset,n,accuracy,ci95_low,ci95_high
full_prompt,1024,-32,20,0.9500,0.7639,0.9911
full_prompt,1024,0,20,0.9000,0.6990,0.9721
full_prompt,1024,32,20,1.0000,0.8389,1.0000
full_prompt,1024,64,20,0.9000,0.6990,0.9721
full_prompt,1024,128,20,0.9500,0.7639,0.9911
full_prompt,1024,256,20,1.0000,0.8389,1.0000
full_prompt,128,-32,20,0.9500,0.7639,0.9911
full_prompt,128,0,20,1.0000,0.8389,1.0000
full_prompt,128,32,20,1.0000,0.8389,1.0000
full_prompt,128,64,20,0.9500,0.7639,0.9911
full_prompt,128,128,20,1.0000,0.8389,1.0000
full_prompt,128,256,20,1.0000,0.8389,1.0000
full_prompt,256,-32,20,0.9500,0.7639,0.9911
full_prompt,256,0,20,0.9500,0.7639,0.9911
full_prompt,256,32,20,1.0000,0.8389,1.0000
full_prompt,256,64,20,0.9500,0.7639,0.9911
full_prompt,256,128,20,0.8500,0.6396,0.9476
full_prompt,256,256,20,0.9500,0.7639,0.9911
full_prompt,32,-32,20,1.0000,0.8389,1.0000
full_prompt,32,0,20,1.0000,0.8389,1.0000
full_prompt,32,32,20,1.0000,0.8389,1.0000
full_prompt,32,64,20,1.0000,0.8389,1.0000
full_prompt,32,128,20,1.0000,0.8389,1.0000
full_prompt,32,256,20,1.0000,0.8389,1.0000
full_prompt,512,-32,20,0.9000,0.6990,0.9721
full_prompt,512,0,20,1.0000,0.8389,1.0000
full_prompt,512,32,20,1.0000,0.8389,1.0000
full_prompt,512,64,20,0.9500,0.7639,0.9911
full_prompt,512,128,20,0.9500,0.7639,0.9911
full_prompt,512,256,20,1.0000,0.8389,1.0000
full_prompt,64,-32,20,1.0000,0.8389,1.0000
full_prompt,64,0,20,0.9500,0.7639,0.9911
full_prompt,64,32,20,1.0000,0.8389,1.0000
full_prompt,64,64,20,1.0000,0.8389,1.0000
full_prompt,64,128,20,1.0000,0.8389,1.0000
full_prompt,64,256,20,0.9500,0.7639,0.9911
full_prompt,768,-32,20,0.9500,0.7639,0.9911
full_prompt,768,0,20,1.0000,0.8389,1.0000
full_prompt,768,32,20,0.9500,0.7639,0.9911
full_prompt,768,64,20,0.9000,0.6990,0.9721
full_prompt,768,128,20,0.9000,0.6990,0.9721
full_prompt,768,256,20,1.0000,0.8389,1.0000
last_window,1024,-32,20,0.5500,0.3421,0.7418
last_window,1024,0,20,0.2000,0.0807,0.4160
last_window,1024,32,20,0.5000,0.2993,0.7007
last_window,1024,64,20,0.3500,0.1812,0.5671
last_window,1024,128,20,0.2500,0.1119,0.4687
last_window,1024,256,20,0.2500,0.1119,0.4687
last_window,128,-32,20,0.3000,0.1455,0.5190
last_window,128,0,20,0.5500,0.3421,0.7418
last_window,128,32,20,0.2000,0.0807,0.4160
last_window,128,64,20,0.1500,0.0524,0.3604
last_window,128,128,20,0.1500,0.0524,0.3604
last_window,128,256,20,0.3000,0.1455,0.5190
last_window,256,-32,20,0.4500,0.2582,0.6579
last_window,256,0,20,0.4000,0.2188,0.6134
last_window,256,32,20,0.2500,0.1119,0.4687
last_window,256,64,20,0.2500,0.1119,0.4687
last_window,256,128,20,0.2000,0.0807,0.4160
last_window,256,256,20,0.3500,0.1812,0.5671
last_window,32,-32,20,0.4000,0.2188,0.6134
last_window,32,0,20,0.3000,0.1455,0.5190
last_window,32,32,20,0.4500,0.2582,0.6579
last_window,32,64,20,0.3000,0.1455,0.5190
last_window,32,128,20,0.1000,0.0279,0.3010
last_window,32,256,20,0.3500,0.1812,0.5671
last_window,512,-32,20,0.3000,0.1455,0.5190
last_window,512,0,20,0.4500,0.2582,0.6579
last_window,512,32,20,0.3000,0.1455,0.5190
last_window,512,64,20,0.2000,0.0807,0.4160
last_window,512,128,20,0.2500,0.1119,0.4687
last_window,512,256,20,0.1000,0.0279,0.3010
last_window,64,-32,20,0.5000,0.2993,0.7007
last_window,64,0,20,0.3500,0.1812,0.5671
last_window,64,32,20,0.1500,0.0524,0.3604
last_window,64,64,20,0.3000,0.1455,0.5190
last_window,64,128,20,0.2500,0.1119,0.4687
last_window,64,256,20,0.2500,0.1119,0.4687
last_window,768,-32,20,0.2000,0.0807,0.4160
last_window,768,0,20,0.2500,0.1119,0.4687
last_window,768,32,20,0.1000,0.0279,0.3010
last_window,768,64,20,0.1500,0.0524,0.3604
last_window,768,128,20,0.1500,0.0524,0.3604
last_window,768,256,20,0.2500,0.1119,0.4687
